66 67 68 71 72 69
72 75 78 79 79 - unsafe!
38 40 41 42 44 47 48 52 - unsafe!
86 87 88 91 96 - unsafe!
30 33 34 36 39 36 38 40 - unsafe!
77 78 79 80 79 76 - unsafe!
84 87 89 86 87 87 - unsafe!
7 10 13 14 16 19 18 22 - unsafe!
22 25 28 26 28 29 32 38 - unsafe!
47 50 53 53 54 56 57 60 - unsafe!
67 69 71 73 73 72 - unsafe!
15 16 16 19 21 23 23 - unsafe!
87 88 90 92 92 96 - unsafe!
20 21 24 24 29 - unsafe!
18 20 22 24 28 29 31 33 - unsafe!
86 87 88 91 95 97 96 - unsafe!
13 16 19 22 26 26 - unsafe!
28 31 35 38 42 - unsafe!
35 37 41 44 49 - unsafe!
33 36 42 45 46 - unsafe!
78 81 82 85 90 87 - unsafe!
44 47 49 54 55 57 57 - unsafe!
50 52 53 58 62 - unsafe!
72 75 80 81 82 89 - unsafe!
12 10 12 14 15 16 19 22 - unsafe!
40 39 41 42 45 47 49 46 - unsafe!
23 21 24 27 29 30 30 - unsafe!
11 8 11 14 15 18 19 23 - unsafe!
21 19 22 23 26 27 34 - unsafe!
62 61 58 59 60 - unsafe!
52 50 53 52 50 - unsafe!
3 1 2 5 7 4 4 - unsafe!
68 65 68 67 68 72 - unsafe!
45 42 40 43 49 - unsafe!
5 4 7 9 11 11 14 17 - unsafe!
7 4 5 7 10 10 7 - unsafe!
64 62 64 64 66 67 67 - unsafe!
87 86 86 88 91 92 96 - unsafe!
64 62 62 63 64 65 68 73 - unsafe!
64 61 62 63 67 68 - unsafe!
12 9 13 15 13 - unsafe!
83 81 84 88 90 93 95 95 - unsafe!
6 3 5 9 10 12 16 - unsafe!
38 35 39 41 47 - unsafe!
62 60 63 70 71 74 - unsafe!
56 55 60 61 63 64 62 - unsafe!
44 43 44 45 47 53 53 - unsafe!
61 60 67 69 73 - unsafe!
73 70 73 74 77 82 84 89 - unsafe!
8 8 10 11 14 17 - unsafe!
55 55 56 57 59 56 - unsafe!
75 75 76 79 81 82 84 84 - unsafe!
72 72 75 78 80 84 - unsafe!
69 69 72 75 76 77 82 - unsafe!
49 49 51 49 51 - unsafe!
38 38 41 44 45 43 42 - unsafe!
15 15 17 16 16 - unsafe!
25 25 26 24 25 26 29 33 - unsafe!
18 18 20 22 21 22 29 - unsafe!
81 81 81 83 84 85 86 - unsafe!
86 86 86 89 92 89 - unsafe!
27 27 30 31 32 32 35 35 - unsafe!
33 33 33 34 37 40 42 46 - unsafe!
50 50 50 52 53 56 58 65 - unsafe!
65 65 66 70 73 - unsafe!
65 65 66 67 71 70 - unsafe!
8 8 9 12 14 18 18 - unsafe!
70 70 73 77 81 - unsafe!
65 65 66 68 69 73 79 - unsafe!
25 25 28 35 36 - unsafe!
41 41 48 51 53 56 55 - unsafe!
87 87 88 95 95 - unsafe!
70 70 75 76 79 81 83 87 - unsafe!
10 10 12 13 18 23 - unsafe!
69 73 75 77 78 81 83 86 - unsafe!
62 66 68 70 72 71 - unsafe!
81 85 88 89 92 92 - unsafe!
33 37 39 42 45 49 - unsafe!
49 53 56 57 58 60 67 - unsafe!
18 22 20 21 24 26 - unsafe!
80 84 87 90 88 85 - unsafe!
17 21 22 21 22 25 25 - unsafe!
29 33 35 34 38 - unsafe!
5 9 6 7 9 16 - unsafe!
19 23 26 29 29 32 - unsafe!
49 53 56 57 60 61 61 60 - unsafe!
63 67 69 71 71 73 76 76 - unsafe!
77 81 83 83 85 89 - unsafe!
23 27 27 30 36 - unsafe!
37 41 43 45 48 49 53 55 - unsafe!
23 27 31 32 35 32 - unsafe!
52 56 58 62 62 - unsafe!
15 19 23 26 30 - unsafe!
60 64 66 67 70 74 76 82 - unsafe!
61 65 66 72 74 76 - unsafe!
5 9 10 17 16 - unsafe!
36 40 41 47 50 53 53 - unsafe!
30 34 35 40 41 45 - unsafe!
28 32 35 37 43 46 51 - unsafe!
22 29 31 34 37 - unsafe!
30 36 37 39 38 - unsafe!
24 31 34 37 37 - unsafe!
4 11 13 16 19 23 - unsafe!
37 43 44 45 48 50 55 - unsafe!
34 40 37 38 40 42 44 - unsafe!
11 17 18 19 21 19 20 18 - unsafe!
53 59 61 59 61 62 64 64 - unsafe!
58 65 68 65 67 69 73 - unsafe!
79 86 89 88 89 92 94 99 - unsafe!
15 20 21 22 22 23 25 27 - unsafe!
28 33 36 36 38 37 - unsafe!
88 95 97 97 99 99 - unsafe!
34 39 41 44 45 48 48 52 - unsafe!
6 11 11 12 14 16 17 22 - unsafe!
59 65 69 72 73 76 - unsafe!
54 61 63 67 69 72 74 71 - unsafe!
22 29 30 32 34 37 41 41 - unsafe!
61 68 70 74 78 - unsafe!
28 33 37 39 40 47 - unsafe!
13 19 21 24 30 32 - unsafe!
69 76 78 80 82 84 89 86 - unsafe!
8 15 18 20 25 26 26 - unsafe!
67 74 77 82 86 - unsafe!
13 18 19 25 27 30 37 - unsafe!
67 64 62 60 57 55 53 55
70 69 66 63 60 58 55 55 - unsafe!
48 45 43 42 41 37 - unsafe!
62 60 59 58 53 - unsafe!
15 14 13 12 14 13 10 8 - unsafe!
29 27 29 28 25 28 - unsafe!
71 69 66 64 65 62 62 - unsafe!
17 15 13 15 12 10 6 - unsafe!
97 96 97 95 94 92 86 - unsafe!
33 30 27 24 21 18 18 17 - unsafe!
24 21 20 19 16 16 14 15 - unsafe!
43 40 40 38 36 35 35 - unsafe!
59 58 55 52 52 49 45 - unsafe!
14 12 12 11 5 - unsafe!
94 91 89 87 83 82 79 - unsafe!
21 18 16 12 10 11 - unsafe!
69 66 64 62 58 55 55 - unsafe!
88 86 83 82 79 78 74 70 - unsafe!
56 54 50 47 40 - unsafe!
21 18 13 11 8 5 - unsafe!
31 28 26 25 23 20 14 17 - unsafe!
52 50 49 43 40 39 39 - unsafe!
37 34 31 25 23 19 - unsafe!
35 32 30 24 22 21 16 - unsafe!
65 68 65 63 61 60 58 55 - unsafe!
55 56 53 52 49 52 - unsafe!
9 12 11 9 8 5 5 - unsafe!
35 36 33 32 31 29 25 - unsafe!
62 65 62 59 56 55 50 - unsafe!
77 79 82 81 79 - unsafe!
65 68 67 65 68 69 - unsafe!
26 29 28 31 30 29 29 - unsafe!
93 95 94 95 91 - unsafe!
81 84 85 83 76 - unsafe!
34 37 37 34 31 29 28 25 - unsafe!
38 40 39 36 33 33 30 33 - unsafe!
54 57 54 51 48 48 48 - unsafe!
44 47 47 44 40 - unsafe!
88 91 91 89 84 - unsafe!
48 50 48 47 44 40 39 37 - unsafe!
86 89 85 84 82 79 76 77 - unsafe!
80 82 78 76 73 70 70 - unsafe!
87 89 86 82 79 77 73 - unsafe!
45 47 43 42 41 39 37 32 - unsafe!
39 40 35 33 32 31 - unsafe!
52 53 50 43 40 42 - unsafe!
36 38 37 36 31 29 29 - unsafe!
76 79 73 72 71 68 64 - unsafe!
87 88 86 85 78 76 73 68 - unsafe!
39 39 36 33 31 - unsafe!
36 36 35 33 31 29 30 - unsafe!
88 88 86 85 82 82 - unsafe!
9 9 6 5 1 - unsafe!
99 99 97 94 92 90 88 81 - unsafe!
62 62 59 60 57 56 - unsafe!
41 41 40 37 34 36 34 36 - unsafe!
90 90 88 85 88 85 83 83 - unsafe!
59 59 60 59 56 53 49 - unsafe!
89 89 92 89 87 82 - unsafe!
72 72 72 70 68 - unsafe!
20 20 18 18 20 - unsafe!
48 48 47 46 44 44 44 - unsafe!
26 26 24 22 22 18 - unsafe!
94 94 94 93 92 91 89 82 - unsafe!
25 25 24 20 17 16 15 - unsafe!
64 64 61 58 55 51 50 53 - unsafe!
85 85 81 80 79 76 76 - unsafe!
56 56 52 49 45 - unsafe!
91 91 90 86 80 - unsafe!
58 58 56 49 48 - unsafe!
86 86 79 78 76 74 77 - unsafe!
80 80 79 76 75 72 65 65 - unsafe!
36 36 29 28 27 26 25 21 - unsafe!
22 22 17 16 9 - unsafe!
18 14 11 9 6 - unsafe!
59 55 53 50 47 50 - unsafe!
43 39 38 35 34 32 30 30 - unsafe!
37 33 32 31 29 26 22 - unsafe!
46 42 39 37 35 34 27 - unsafe!
91 87 90 89 88 85 83 - unsafe!
53 49 48 49 48 46 48 - unsafe!
95 91 90 87 89 86 86 - unsafe!
25 21 19 17 18 17 13 - unsafe!
65 61 59 61 60 53 - unsafe!
58 54 54 53 52 50 - unsafe!
58 54 54 51 52 - unsafe!
37 33 33 32 29 29 - unsafe!
71 67 65 63 62 62 58 - unsafe!
62 58 56 55 55 53 51 46 - unsafe!
23 19 16 15 12 8 5 - unsafe!
76 72 68 67 70 - unsafe!
48 44 40 38 35 35 - unsafe!
87 83 81 77 75 74 70 - unsafe!
66 62 59 55 49 - unsafe!
20 16 13 8 6 4 1 - unsafe!
56 52 51 49 42 44 - unsafe!
31 27 22 20 19 18 18 - unsafe!
30 26 24 19 17 16 12 - unsafe!
30 26 23 20 15 14 12 5 - unsafe!
51 45 42 40 38 - unsafe!
34 29 27 24 25 - unsafe!
51 44 43 42 42 - unsafe!
33 26 24 22 18 - unsafe!
82 76 74 73 67 - unsafe!
61 54 55 52 51 50 - unsafe!
74 68 66 69 72 - unsafe!
14 7 8 7 7 - unsafe!
62 56 55 57 55 52 48 - unsafe!
50 45 42 44 37 - unsafe!
19 12 12 9 7 6 - unsafe!
39 34 34 31 29 30 - unsafe!
65 58 55 53 51 51 51 - unsafe!
84 79 77 75 75 71 - unsafe!
84 79 78 75 75 73 67 - unsafe!
43 37 36 32 31 28 25 23 - unsafe!
77 70 66 63 61 58 60 - unsafe!
48 43 39 37 37 - unsafe!
78 72 68 67 64 61 57 - unsafe!
25 18 14 12 5 - unsafe!
71 66 65 58 55 53 - unsafe!
90 84 82 81 76 75 74 77 - unsafe!
54 47 46 41 41 - unsafe!
41 35 33 28 24 - unsafe!
78 73 72 71 64 62 56 - unsafe!
10 11 12 13 15 16 14
49 50 51 53 56 58 60 60 - unsafe!
20 21 22 25 27 30 34 - unsafe!
70 71 74 77 78 80 86 - unsafe!
44 45 48 45 46 48 50 53 - unsafe!
62 64 65 68 71 73 70 69 - unsafe!
73 75 76 79 82 81 81 - unsafe!
34 35 32 35 39 - unsafe!
75 76 78 80 78 80 85 - unsafe!
91 92 95 95 98 - unsafe!
22 25 25 26 27 29 31 28 - unsafe!
27 30 31 31 34 36 39 39 - unsafe!
55 56 56 58 62 - unsafe!
25 28 28 31 34 39 - unsafe!
57 60 63 64 68 70 72 73 - unsafe!
60 62 65 69 72 70 - unsafe!
46 47 48 52 54 54 - unsafe!
19 22 23 25 29 33 - unsafe!
83 84 86 90 91 93 98 - unsafe!
41 42 44 49 52 55 56 57 - unsafe!
16 19 21 24 27 34 37 36 - unsafe!
27 29 32 35 38 43 43 - unsafe!
30 31 33 40 43 47 - unsafe!
39 40 41 47 48 49 56 - unsafe!
83 81 83 85 86 89 91 - unsafe!
48 46 49 52 54 55 53 - unsafe!
73 71 73 74 75 78 78 - unsafe!
71 70 71 73 74 77 79 83 - unsafe!
39 36 38 41 42 44 45 52 - unsafe!
86 85 86 84 86 87 89 91 - unsafe!
44 42 45 48 46 45 - unsafe!
86 85 86 89 87 87 - unsafe!
4 1 2 1 5 - unsafe!
46 45 44 46 47 50 56 - unsafe!
89 86 86 89 90 91 - unsafe!
73 71 72 75 76 77 77 76 - unsafe!
24 22 23 23 25 27 27 - unsafe!
29 28 29 29 33 - unsafe!
69 66 69 69 71 73 76 83 - unsafe!
61 59 63 65 67 - unsafe!
67 66 70 71 69 - unsafe!
53 50 53 57 59 60 60 - unsafe!
72 70 72 76 80 - unsafe!
38 35 38 42 49 - unsafe!
50 48 51 58 61 - unsafe!
70 68 70 76 73 - unsafe!
61 60 61 67 69 69 - unsafe!
30 27 29 31 33 38 42 - unsafe!
4 1 2 5 8 14 16 23 - unsafe!
12 12 15 16 19 21 - unsafe!
37 37 39 40 38 - unsafe!
2 2 5 7 9 10 11 11 - unsafe!
3 3 6 7 11 - unsafe!
18 18 20 23 30 - unsafe!
70 70 72 73 70 73 75 - unsafe!
38 38 40 37 39 42 43 42 - unsafe!
71 71 74 73 73 - unsafe!
65 65 64 67 68 71 75 - unsafe!
35 35 36 37 36 43 - unsafe!
30 30 31 31 32 35 - unsafe!
93 93 95 95 96 94 - unsafe!
27 27 27 30 32 33 36 36 - unsafe!
36 36 36 38 40 44 - unsafe!
18 18 20 21 22 25 25 30 - unsafe!
62 62 64 68 70 73 - unsafe!
90 90 94 95 96 99 97 - unsafe!
44 44 48 49 51 51 - unsafe!
68 68 69 73 75 79 - unsafe!
60 60 64 66 72 - unsafe!
20 20 22 24 31 33 36 37 - unsafe!
34 34 37 43 45 43 - unsafe!
58 58 63 64 67 67 - unsafe!
54 54 60 61 64 67 71 - unsafe!
67 67 68 70 77 80 86 - unsafe!
75 79 81 84 87 89 - unsafe!
45 49 51 53 50 - unsafe!
5 9 12 15 17 19 19 - unsafe!
47 51 54 55 56 60 - unsafe!
76 80 81 83 86 89 90 97 - unsafe!
83 87 89 88 91 92 - unsafe!
29 33 31 34 31 - unsafe!
51 55 57 60 57 59 59 - unsafe!
35 39 40 39 40 44 - unsafe!
1 5 8 5 8 13 - unsafe!
74 78 79 79 80 - unsafe!
57 61 61 62 65 63 - unsafe!
4 8 8 10 10 - unsafe!
67 71 74 74 77 81 - unsafe!
42 46 47 50 50 55 - unsafe!
36 40 41 45 47 - unsafe!
53 57 60 64 67 64 - unsafe!
6 10 11 13 17 17 - unsafe!
78 82 84 88 90 94 - unsafe!
79 83 86 89 93 98 - unsafe!
34 38 45 46 49 52 - unsafe!
50 54 59 62 64 66 65 - unsafe!
58 62 69 71 72 72 - unsafe!
56 60 65 66 67 71 - unsafe!
22 26 28 30 32 37 38 44 - unsafe!
84 89 91 93 94 95 - unsafe!
58 63 64 67 65 - unsafe!
36 41 44 47 50 52 55 55 - unsafe!
62 67 68 69 73 - unsafe!
70 77 80 81 84 86 92 - unsafe!
68 73 74 71 72 75 78 81 - unsafe!
73 79 76 79 76 - unsafe!
53 58 55 56 57 58 59 59 - unsafe!
31 36 34 37 40 44 - unsafe!
37 43 41 43 50 - unsafe!
14 20 22 22 25 - unsafe!
70 75 77 80 80 81 84 83 - unsafe!
51 56 59 59 59 - unsafe!
2 8 9 12 12 14 16 20 - unsafe!
50 55 57 58 60 60 65 - unsafe!
58 63 64 66 70 72 - unsafe!
81 88 90 93 97 95 - unsafe!
26 33 37 39 41 41 - unsafe!
74 80 82 86 90 - unsafe!
26 33 37 38 44 - unsafe!
68 75 81 82 83 84 - unsafe!
13 18 19 21 26 27 29 27 - unsafe!
53 59 60 66 69 70 70 - unsafe!
17 22 29 30 33 35 38 42 - unsafe!
42 47 48 49 50 52 58 65 - unsafe!
84 83 81 79 76 78
61 58 55 54 54 - unsafe!
77 75 73 70 67 63 - unsafe!
86 85 84 83 80 77 76 70 - unsafe!
44 41 42 39 38 37 35 - unsafe!
22 19 16 13 16 13 11 14 - unsafe!
86 85 84 87 86 86 - unsafe!
32 31 30 29 31 28 24 - unsafe!
18 15 12 9 7 9 7 1 - unsafe!
84 81 81 78 76 74 - unsafe!
11 10 7 6 6 4 3 5 - unsafe!
20 19 19 18 18 - unsafe!
16 13 13 10 6 - unsafe!
99 96 94 91 89 86 86 80 - unsafe!
27 24 23 22 21 17 16 - unsafe!
50 49 45 43 42 39 38 39 - unsafe!
85 83 79 78 75 75 - unsafe!
19 16 12 10 9 8 4 - unsafe!
28 27 23 21 16 - unsafe!
91 88 83 80 77 - unsafe!
17 16 14 9 11 - unsafe!
74 71 66 64 64 - unsafe!
40 38 33 30 28 24 - unsafe!
66 64 63 56 53 46 - unsafe!
33 34 33 32 31 28 27 - unsafe!
52 54 52 50 47 46 43 46 - unsafe!
60 63 61 59 57 54 54 - unsafe!
82 84 82 81 78 77 74 70 - unsafe!
36 39 37 35 28 - unsafe!
67 69 66 64 67 65 64 - unsafe!
45 46 45 48 51 - unsafe!
83 84 82 83 81 80 80 - unsafe!
33 36 38 36 32 - unsafe!
88 91 88 87 89 86 80 - unsafe!
43 44 42 39 39 38 37 - unsafe!
35 36 36 33 30 31 - unsafe!
3 4 4 2 2 - unsafe!
77 79 76 74 74 71 67 - unsafe!
89 92 92 90 88 87 85 79 - unsafe!
45 48 44 41 40 - unsafe!
33 36 33 30 28 27 23 25 - unsafe!
66 69 68 65 61 59 57 57 - unsafe!
88 89 88 84 80 - unsafe!
46 47 43 42 36 - unsafe!
97 98 96 94 89 88 87 84 - unsafe!
11 14 12 5 3 6 - unsafe!
80 83 82 81 74 74 - unsafe!
24 26 23 16 12 - unsafe!
63 64 57 54 48 - unsafe!
86 86 85 83 82 - unsafe!
24 24 21 20 21 - unsafe!
56 56 53 52 51 51 - unsafe!
60 60 58 55 54 50 - unsafe!
93 93 90 87 86 83 78 - unsafe!
13 13 16 13 12 11 8 7 - unsafe!
64 64 63 66 64 66 - unsafe!
50 50 49 51 51 - unsafe!
34 34 33 32 35 31 - unsafe!
82 82 79 77 80 78 73 - unsafe!
47 47 47 46 43 - unsafe!
95 95 95 94 96 - unsafe!
48 48 48 45 44 44 - unsafe!
18 18 18 16 14 10 - unsafe!
87 87 85 84 84 83 81 75 - unsafe!
72 72 68 67 66 63 - unsafe!
65 65 64 61 57 55 52 54 - unsafe!
91 91 90 86 86 - unsafe!
46 46 42 39 35 - unsafe!
53 53 51 50 47 44 40 33 - unsafe!
85 85 78 76 75 - unsafe!
70 70 68 63 61 62 - unsafe!
47 47 44 38 35 33 31 31 - unsafe!
79 79 78 72 68 - unsafe!
73 73 68 65 58 - unsafe!
75 71 69 68 65 - unsafe!
52 48 46 43 40 38 35 37 - unsafe!
21 17 15 12 12 - unsafe!
41 37 35 32 28 - unsafe!
88 84 83 81 78 72 - unsafe!
68 64 61 63 61 - unsafe!
18 14 15 12 13 - unsafe!
62 58 56 53 54 51 51 - unsafe!
24 20 18 19 15 - unsafe!
93 89 87 89 84 - unsafe!
41 37 35 34 34 33 32 - unsafe!
44 40 39 36 36 34 35 - unsafe!
22 18 16 16 16 - unsafe!
86 82 80 77 77 74 73 69 - unsafe!
34 30 29 28 27 26 26 19 - unsafe!
93 89 87 83 80 79 - unsafe!
59 55 54 51 47 46 45 47 - unsafe!
20 16 13 12 8 6 4 4 - unsafe!
27 23 20 17 15 14 10 6 - unsafe!
25 21 17 16 11 - unsafe!
98 94 88 87 84 - unsafe!
65 61 58 55 52 47 44 46 - unsafe!
32 28 26 20 20 - unsafe!
82 78 77 74 72 67 63 - unsafe!
55 51 49 47 45 44 37 32 - unsafe!
36 31 28 27 26 23 21 20 - unsafe!
90 85 83 80 77 76 74 76 - unsafe!
15 10 8 7 6 5 3 3 - unsafe!
57 51 49 46 45 44 42 38 - unsafe!
29 24 21 20 19 13 - unsafe!
82 76 74 72 71 72 69 66 - unsafe!
10 4 7 4 5 - unsafe!
37 32 34 32 29 28 26 26 - unsafe!
56 50 52 50 46 - unsafe!
53 46 49 47 46 45 43 38 - unsafe!
76 71 68 68 65 64 - unsafe!
88 81 81 79 77 74 76 - unsafe!
83 76 76 73 73 - unsafe!
66 59 59 58 54 - unsafe!
98 93 92 90 90 84 - unsafe!
27 22 18 17 14 11 - unsafe!
29 24 20 19 17 15 18 - unsafe!
81 76 74 71 67 65 62 62 - unsafe!
69 63 60 56 55 51 - unsafe!
86 81 77 74 67 - unsafe!
74 67 62 59 58 - unsafe!
66 60 55 54 56 - unsafe!
53 46 39 37 35 33 33 - unsafe!
29 23 20 14 10 - unsafe!
33 28 27 26 19 16 15 8 - unsafe!
60 61 56 55 51 - unsafe!
97 91 88 87 86 80 81 - unsafe!
74 73 68 67 64 60 - unsafe!
23 21 17 15 12 12 - unsafe!
47 53 55 56 59 60 63 65 - unsafe!
38 38 38 36 34 - unsafe!
69 62 59 57 54 - unsafe!
13 13 12 9 8 7 7 9 - unsafe!
32 34 34 37 39 41 42 43 - unsafe!
81 77 75 74 75 73 72 - unsafe!
2 3 5 7 12 14 11 - unsafe!
43 43 41 40 40 39 33 - unsafe!
27 25 27 28 32 - unsafe!
47 51 53 55 62 63 69 - unsafe!
29 32 34 33 30 26 - unsafe!
51 58 60 61 65 68 68 - unsafe!
66 69 68 69 71 73 73 - unsafe!
84 84 86 83 79 - unsafe!
59 60 56 53 51 - unsafe!
15 20 22 23 27 29 32 39 - unsafe!
4 11 12 10 11 13 - unsafe!
39 35 33 31 33 31 31 - unsafe!
29 30 32 33 35 35 - unsafe!
84 83 84 84 87 88 91 96 - unsafe!
20 15 14 11 12 - unsafe!
16 16 14 15 14 13 11 12 - unsafe!
49 43 41 37 38 - unsafe!
9 16 20 22 25 28 32 - unsafe!
18 18 19 21 25 26 - unsafe!
72 74 75 78 82 82 - unsafe!
19 23 28 31 35 - unsafe!
86 79 78 74 70 - unsafe!
14 14 17 14 15 18 22 - unsafe!
59 52 51 54 51 48 46 - unsafe!
1 1 2 5 7 12 11 - unsafe!
54 50 49 47 43 43 - unsafe!
81 85 86 87 88 89 87 90 - unsafe!
7 8 11 13 16 22 - unsafe!
4 10 7 8 12 - unsafe!
70 64 63 60 62 62 - unsafe!
6 6 9 14 16 18 21 28 - unsafe!
56 61 58 60 62 67 - unsafe!
44 37 35 31 28 26 21 - unsafe!
14 18 20 23 27 27 - unsafe!
44 44 42 39 37 37 35 31 - unsafe!
95 95 97 99 97 99 96 - unsafe!
62 64 61 61 58 55 - unsafe!
52 58 58 59 60 61 - unsafe!
30 28 30 33 33 36 - unsafe!
51 47 44 41 40 37 - unsafe!
81 78 76 73 75 72 - unsafe!
23 24 28 30 33 35 38 40 - unsafe!
12 10 7 5 4 4 5 - unsafe!
16 19 19 22 26 - unsafe!
79 80 83 82 83 86 88 - unsafe!
76 69 66 65 62 62 61 62 - unsafe!
14 13 7 5 4 7 - unsafe!
56 50 48 45 45 41 - unsafe!
62 64 65 69 73 - unsafe!
64 68 71 72 75 74 74 - unsafe!
43 47 51 54 56 59 63 - unsafe!
60 56 53 51 50 47 46 42 - unsafe!
75 78 77 77 75 75 - unsafe!
53 53 57 60 61 66 - unsafe!
82 85 84 82 80 82 79 74 - unsafe!
66 61 58 51 49 47 46 - unsafe!
35 39 39 40 42 44 48 - unsafe!
42 35 34 31 28 21 20 20 - unsafe!
94 87 85 86 83 79 - unsafe!
53 55 56 59 62 66 - unsafe!
10 9 13 14 12 - unsafe!
19 25 27 29 32 39 39 - unsafe!
79 77 80 82 85 82 79 - unsafe!
39 35 33 34 33 30 26 - unsafe!
64 71 73 76 83 85 84 - unsafe!
64 65 63 66 70 - unsafe!
73 74 81 84 85 85 - unsafe!
34 34 35 36 36 - unsafe!
63 69 70 72 75 81 84 88 - unsafe!
66 70 77 79 82 85 - unsafe!
80 81 79 75 68 - unsafe!
91 87 86 85 82 80 83 86 - unsafe!
50 50 56 59 62 - unsafe!
2 7 7 10 14 - unsafe!
61 62 66 67 68 70 71 70 - unsafe!
43 43 45 47 47 48 48 - unsafe!
29 27 24 18 16 9 - unsafe!
17 21 23 23 29 - unsafe!
84 77 75 74 73 70 63 - unsafe!
32 30 29 26 22 21 16 - unsafe!
25 18 15 17 14 12 9 3 - unsafe!
82 85 88 90 92 90
21 18 21 18 21 - unsafe!
76 82 82 83 85 87 87 - unsafe!
52 50 47 42 41 - unsafe!
22 26 28 29 30 30 - unsafe!
17 17 18 18 20 22 - unsafe!
26 26 22 20 14 - unsafe!
34 32 37 38 40 43 45 46 - unsafe!
60 60 62 65 62 - unsafe!
20 17 20 21 24 27 34 34 - unsafe!
41 40 41 42 43 47 50 50 - unsafe!
56 49 45 42 42 - unsafe!
21 21 25 26 29 30 32 36 - unsafe!
48 44 44 43 40 38 - unsafe!
94 93 91 93 92 88 - unsafe!
70 73 70 69 64 63 - unsafe!
42 46 47 50 54 - unsafe!
25 26 24 22 19 17 19 - unsafe!
95 95 94 92 90 93 90 88 - unsafe!
23 22 24 23 27 - unsafe!
75 76 75 72 71 68 - unsafe!
74 73 71 70 69 66 59 59 - unsafe!
14 20 22 24 26 29 27 - unsafe!
15 18 22 23 24 29 - unsafe!
50 50 51 54 56 57 59 - unsafe!
41 39 39 41 43 44 47 51 - unsafe!
22 22 19 19 18 18 - unsafe!
63 63 66 68 69 70 74 - unsafe!
21 20 19 18 16 13 12 5 - unsafe!
72 69 66 66 65 61 - unsafe!
61 68 69 71 74 75 75 - unsafe!
81 75 74 73 72 66 60 - unsafe!
18 18 19 19 20 22 19 - unsafe!
78 74 72 69 65 64 61 62 - unsafe!
30 26 24 21 19 19 19 - unsafe!
76 76 78 79 80 78 78 - unsafe!
32 38 40 43 50 - unsafe!
63 56 56 54 54 - unsafe!
81 82 81 79 79 81 - unsafe!
85 85 86 86 87 88 94 - unsafe!
65 61 59 56 49 - unsafe!
1 5 8 10 8 10 9 - unsafe!
63 64 67 67 68 69 67 - unsafe!
44 44 45 49 49 - unsafe!
87 83 82 79 82 - unsafe!
54 59 60 63 64 67 70 74 - unsafe!
13 12 11 9 8 8 - unsafe!
30 32 31 30 24 21 16 - unsafe!
77 75 72 71 73 70 67 67 - unsafe!
86 86 91 93 93 - unsafe!
70 70 67 62 60 59 58 - unsafe!
44 50 51 57 59 60 62 - unsafe!
84 84 90 91 95 - unsafe!
42 46 47 50 53 58 58 - unsafe!
31 27 25 25 28 - unsafe!
1 1 4 1 1 - unsafe!
47 52 52 54 57 64 - unsafe!
38 36 38 37 37 - unsafe!
49 49 45 43 42 41 - unsafe!
20 19 26 28 33 - unsafe!
50 53 55 54 56 63 - unsafe!
19 26 30 33 35 34 - unsafe!
73 73 76 79 82 82 86 - unsafe!
40 36 33 32 35 29 - unsafe!
50 51 53 54 60 67 - unsafe!
68 72 74 77 79 81 81 84 - unsafe!
76 79 82 84 91 94 98 - unsafe!
8 6 7 9 11 11 - unsafe!
56 50 48 48 46 - unsafe!
14 17 14 14 10 - unsafe!
9 13 18 19 17 - unsafe!
57 58 55 55 52 50 49 43 - unsafe!
85 82 80 77 74 71 68
80 81 82 84 86 88
17 19 20 21 23 24 25
85 83 81 80 78
50 47 46 44 42
71 69 66 65 63 62
80 78 75 73 70
28 29 32 33 34 36
36 33 30 28 25 22 20
66 68 70 71 74 75
36 33 32 30 29 27 26 23
67 66 64 62 61 59 58 55
45 43 40 39 36 34 31 30
25 23 20 19 16 15 14
67 65 63 60 59 58
3 6 9 10 12 15 17 20
45 42 40 38 37 34
67 69 72 74 77 80 81 84
86 84 82 80 77
13 11 10 7 6 4 2
18 20 21 23 26 28 31
79 80 83 85 88 89 92 95
70 72 74 76 77 78 81 82
43 45 48 51 52
66 63 62 61 60 57 55
15 12 11 8 5
86 83 82 81 78
75 78 81 82 85
28 29 32 33 36 38
72 75 78 80 81 83 86 88
23 21 18 16 14
98 96 94 93 90
76 75 74 71 69 68 65 62
66 65 64 61 60 57 54 53
73 71 70 67 66 65 62 59
41 44 45 48 50 53
27 24 23 22 19
17 14 13 12 10 9 6 5
36 33 30 28 26 24 21
94 92 89 88 85
50 53 55 57 60 61
62 65 66 69 70 73
47 46 44 41 38 35 34 31
48 51 53 54 55 56 59
78 79 80 81 82 85 87 89
51 54 56 58 61 64 65
50 52 53 54 55 58 61 62
76 75 74 71 69 66 64
61 64 67 69 70 72 73
75 74 72 71 70 67
38 39 41 42 43 45 46
76 79 81 84 85 86 89 91
59 58 57 56 55 54 51 50
88 85 84 82 81 80 79 76
15 12 9 8 7 4 1
37 36 34 33 31 30 29
66 69 72 74 77 78 79 81
54 51 49 46 44
65 63 60 59 58
31 33 34 36 39 40
7 10 11 13 15 18 21
17 19 21 23 24 27 29 30
33 30 27 24 23 22 20 18
47 46 45 44 42 39 36 35
45 42 40 38 37
31 33 34 37 40 41 42 44
95 93 90 89 86 84 82
53 50 49 47 45 43 41 39
38 37 34 31 30 27 26
48 50 52 53 54
9 10 12 13 16 17 18 19
75 77 80 83 85
39 40 43 45 48 49
89 90 92 94 95 98 99
78 77 76 74 73 71
32 35 36 38 39 42
95 94 93 90 89 86 83 82
63 62 59 57 54 52 49 46
45 46 47 49 52 54
86 85 84 83 80 77
61 58 56 54 53
42 40 38 35 32 30
86 87 90 91 93 94 96 99
45 48 51 53 56
49 50 51 53 55 57
16 15 13 10 8 7 6
37 40 41 43 46
83 82 79 76 75
9 12 15 18 20
31 30 29 27 24 22
30 33 35 37 39 41 43
25 22 20 19 16 15 13 12
53 51 48 45 42 39 37
30 29 27 26 25 23 20 18
36 38 41 42 43 44 46 49
22 21 18 15 14 11 9
46 47 48 51 54
39 41 44 45 47 49 51
52 50 48 45 42 41
38 39 42 45 48 50 53 56
50 51 53 56 58 59
86 85 83 80 78 76 75 73
59 58 57 54 51
22 24 25 27 29 30 32 35
11 13 15 16 19 21
36 33 31 29 28 27 25 22
43 42 39 37 35 33 31 30
69 67 66 64 61
80 77 75 72 70 68 67
55 57 60 63 66 68
80 77 76 73 72
19 17 15 14 13
50 48 45 44 42
6 7 10 13 14
50 52 55 57 60
67 64 62 60 59 56 54 52
25 28 30 32 35
80 77 76 73 72 70 69
36 35 32 29 28 27 26 25
64 62 61 60 57 54
76 78 79 81 84 87 90 91
69 71 72 75 78
22 19 16 15 13 12 11
95 92 91 88 86 84 81
76 79 80 82 83 86 88 89
25 26 28 29 30 32
4 7 10 12 15
70 71 74 77 78 81
27 29 32 35 38 41 44 46
73 72 69 66 64
17 14 13 10 7 5
47 44 42 40 37 36
28 30 32 33 34 37 39 41
86 88 89 90 93
79 78 76 74 71
44 46 47 48 51 53 54
82 84 87 88 91 92 95 96
24 22 21 18 16 14
48 47 46 45 42
73 76 77 80 81
29 28 27 26 24
59 56 54 52 49 47
43 45 46 49 51 53 56 59
25 24 23 21 18 16 13 12
60 59 57 54 52 50
23 20 18 15 14 12
53 55 56 58 59 60
86 89 92 94 96
21 20 18 16 14 11
61 63 66 68 70 71 73
49 46 45 42 40 38 37
9 11 14 16 19 20
41 39 36 33 30 28 25 23
52 54 55 56 57 58 59 62
20 18 15 13 11 10
62 60 57 56 53 52 50 49
69 72 75 77 79 81
80 81 84 87 90 92 93
34 32 31 28 26 24 22
21 20 18 15 14 11 9 6
89 87 86 83 80 79 77 74
29 32 33 34 35 37 38
29 27 26 24 21 18
38 41 42 45 46 49 50
63 64 67 69 71 73 74
40 42 45 48 49
17 18 19 21 22 23
5 6 9 10 13 15 17
44 47 50 52 55 58 60 62
28 25 24 21 18 16 15
39 38 36 35 34 33 31
78 76 75 74 73 70
69 68 65 64 63
80 82 83 85 88 91 94 96
76 74 71 70 69 68
81 84 86 88 89
40 42 44 45 46 48 51 53
50 51 52 54 55 57
57 60 62 63 65 67 70
46 45 42 39 37 36
72 71 70 68 66
37 40 42 45 47
53 56 58 59 62
87 85 84 82 79 77 75 72
82 81 80 77 74 71 70
28 30 31 32 33
37 36 33 30 27 26 24 22
60 59 58 56 54
86 85 83 80 78 75 72 71
20 21 22 25 27
39 41 43 44 47 48 49 50
33 32 29 27 26 23 20 18
40 37 36 33 31 30
23 25 28 30 32 35
82 81 79 76 75 73 71 68
79 77 76 75 73 72 70 69
82 85 86 89 91 94 97
87 88 90 91 93
14 17 19 20 22 25 26 27
82 79 76 75 72 70 68
88 87 84 81 79 77
15 13 12 10 9 8 7
1 2 5 6 9 11
20 18 15 14 12 11 9 6
11 9 6 3 1
66 65 63 60 57 54
64 63 62 61 58 57
79 77 75 74 72
62 60 59 58 57 54 53
17 16 13 10 8
59 62 64 65 68 69
82 80 79 77 74 72
16 13 11 8 7 4
17 14 12 9 7 4
46 45 43 40 39 36 33
85 86 87 89 92 94 96 99
50 52 55 57 60 62
64 65 67 68 70 73 76 79
54 53 51 49 47 44 42 39
29 30 31 34 35 36 38
40 37 34 33 31 30 27 24
68 70 71 74 76 77 78
62 61 59 58 57 56 55 52
4 5 8 9 12 13
89 86 85 82 80 79
5 8 9 10 13 14 17
84 82 81 78 76 73 71
84 86 87 90 93 96 97
32 31 29 28 26 23
17 19 21 23 26 29 31
62 65 66 67 69 72
43 45 47 48 50 52 55
36 35 34 33 31 29 27
18 15 14 13 11
36 35 32 30 27
13 16 17 19 20 21 23
98 97 95 93 90 87 86
95 93 91 90 88 85 82
28 26 24 21 19 18 16 13
61 58 57 54 53 51 49 47
81 84 86 88 90 92 93
45 46 49 50 51
48 51 53 54 56 57 58 60
73 70 69 68 66 64
75 72 70 67 65 64 62
50 48 45 42 41 38 37 36
44 42 39 37 34 32
46 45 44 42 40
51 48 46 44 41 39 37
19 18 16 15 12 11
39 40 42 45 46
76 77 78 81 82 83 86 87
90 89 88 85 83 82 81 79
72 74 76 78 79 80
65 66 67 68 70 72
49 51 54 56 59 62 63
37 35 32 30 28 25 24 22
90 87 86 84 82
61 64 65 67 68 71 74 77
1 3 4 7 10
61 60 59 58 57 55 54 52
6 8 9 11 13 14 17 19
56 57 58 59 61 63
58 60 63 66 67
22 20 17 16 15 14 13 10
66 63 62 60 57 56 55 53
61 64 67 70 71 74 77
88 86 84 82 80 78 77 75
6 9 11 14 16
75 76 79 82 83 85 86
78 79 80 81 84 85
14 11 8 5 2 1
24 27 30 31 32 35
85 84 83 80 77
68 71 74 76 79 81 82 85
21 19 17 16 14 11 9
93 92 90 87 85
80 78 76 75 72 69
84 87 88 90 93 94 97
54 53 50 49 48 45
41 42 44 45 47
24 26 29 32 35 38 39 41
54 52 49 47 44 42 41 40
39 42 43 44 45 48 50
82 81 79 76 73 71
70 67 65 64 63 61
57 56 53 51 49 46
74 76 79 81 83 85 87 90
56 59 61 64 67 70 71
31 29 28 27 24 23
59 57 55 52 50
82 85 88 91 94 95 97
60 58 55 53 51
57 58 60 63 65 68
41 44 46 48 50 51 53
44 46 47 50 53
33 34 36 38 41 42 44
18 20 22 23 26 28 29
51 48 47 45 44 42
23 21 19 17 14 12
58 56 53 52 49 47 46 44
98 96 95 94 91
80 78 76 75 73
58 61 63 64 66
83 85 87 88 89
23 21 19 17 15 14 12 9
60 62 63 64 65 68
42 41 38 37 36 33
93 92 90 88 87 86 84 82
31 32 34 36 39 42
8 10 12 13 16 17 18 19
14 17 18 20 23 24
8 11 13 14 17 18 21
69 68 66 63 61 58 55
90 87 85 82 80 79
38 35 32 30 28
18 20 23 26 28 29 30
17 16 13 10 8 7 5
83 82 80 77 75 72 69 66
87 88 89 92 94
69 71 72 74 76 78 81 82
49 46 43 40 37 34 33
30 28 26 24 23 20
44 43 40 39 37 34 33 31
21 23 26 29 32 33 34 36
61 59 58 56 54 52 50 48
53 50 49 48 45 42
63 66 68 71 73 76
57 55 53 50 49
54 57 60 62 65
21 22 25 27 29 30
12 14 15 18 20 21 22 23
68 71 73 74 76 77 80
15 13 12 9 6 5 2
35 37 40 41 42 45 46
56 55 53 52 50
38 39 42 43 44
48 46 45 43 42
95 92 91 88 86 84 83 80
48 51 52 55 58
40 42 44 46 49 51